  4
 26 1
23
  1000.
  5000.
 10000.
 20000.
 25000.
 30000.
 35000.
 40000.
 45000.
 52000.
 65000.
 75000.
 82000.
 90000.
101000.
112000.
131000.
150000.
165000.
180000.
200000.
220000.
250000.
13
 40000.
 50000.
 55000.
 70000.
 80000.
100000.
116000.
131000.
155000.
180000.
210000.
240000.
280000.
 26 2
28
  2000.
 26000.
 36000.
 43000.
 51000.
 58000.
 71000.
 80000.
 94000.
106000.
119000.
152000.
187500.
194000.
203000.
211000.
229000.
247200.
260000.
270000.
280000.
290000.
305000.
320000.
350000.
375000.
405000.
450000.
22
 90000.
122000.
133000.
144200.
152000.
163000.
171000.
188000.
208000.
228000.
247200.
255000.
265000.
271000.
277000.
285000.
295000.
310000.
330000.
360000.
390000.
430000.
 26 3
25
  1000.
 39000.
 53000.
 67000.
 83000.
109000.
129000.
139000.
163000.
172000.
184000.
202000.
259000.
285000.
325000.
365000.
390000.
420000.
442000.
465000.
500000.
540000.
580000.
620000.
666000.
18
197000.
203000.
225000.
235000.
246000.
255000.
267000.
299000.
320000.
350000.
385000.
415000.
442000.
470000.
505000.
550000.
590000.
650000.
 26 4
25
  2000.
 31000.
 40000.
 53000.
 64000.
 72000.
 95000.
122000.
197000.
215000.
222000.
238000.
263000.
405000.
455000.
505000.
555000.
580000.
605000.
690000.
760000.
805000.
840000.
870000.
950000.
17
262000.
268000.
286000.
296000.
312000.
343000.
465000.
505000.
545000.
580000.
605000.
660000.
730000.
805000.
830000.
850000.
950000.
